px = [-1334, -1540, -1762, -2000, -2252, -2518, -2797, -3087, -3387, -3694, -4008, -4330, -4658, -4991, -5328, -5667, -6007, -6347, -6347, -6685, -7020, -7351, -7676, -7994, -8304, -8605, -8896, -9175, -9441, -9694, -9932, -10154, -10360, -10549, -10720, -10872, -11005, -11118, -11211, -11211, -11283, -11334, -11364, -11373, -11360, -11326, -11271, -11195, -11099, -10983, -10847, -10692, -10518, -10326, -10117, -9892, -9651, -9396, -9396, -9127, -8846, -8553, -8250, -7938, -7618, -7292, -6960, -6624, -6286, -5946, -5606, -5267, -4931, -4599, -4272, -3940, -3940, -3604, -3319, -2992, -2660, -2660, -2324, -1985, -1645, -1305, -1305, -967, -631, -299, 27, 347, 659, 962, 1255, 1536, 1805, 2060, 2301, 2526, 2735, 2927, 3101, 3256, 3392, 3508, 3508, 3604, 3680, 3735, 3769, 3782, 3773, 3743, 3692, 3620, 3527, 3414, 3281, 3129, 2958, 2769, 2563, 2341, 2103, 2103, 1850, 1593, 1335, 1080, 827, 582, 340, 105, -122, -339, -548, -755, -956, -956, -1157, -1358, -1561, -1778, -2005, -2253, -2518, -2801, -3094, -3394, -3694, -3999, -4314, -4644, -4979, -4979, -5317, -5657, -5997, -6336, -6673, -7006, -7335, -7658, -7973, -8280, -8580, -8880, -8880, -9180, -9480, -9780, -10069, -10338, -10595, -10844, -11080, -11080, -11300, -11504, -11690, -11858, -12007, -12137, -12247, -12337, -12406, -12454, -12481, -12487, -12472, -12472, -12435, -12377, -12299, -12200, -12081, -11942, -11784, -11608, -11414, -11203, -10976, -10736, -10490, -10238, -9981, -9981, -9718, -9445, -9160, -8864, -8558, -8243, -7921, -7593, -7260, -7260, -6923, -6585, -6245, -5905, -5565, -5227, -4891, -4558, -4228, -3900, -3579, -3262, -2953, -2653, -2364, -2087, -1823, -1573, -1337, -1117, -914, -728, -560, -411, -281, -281, -171, -81, -12, 37, 65, 69, 54, 18, -39, -116, -213, -333, -470, -626, -801, -993, -1202, -1427, -1427, -1668, -1923, -2191, -2471, -2762, -3065, -3376, -3695, -4020, -4351, -4686, -5024, -5364, -5704, -6043, -6380, -6714, -7043, -7043, -7367, -7684, -7993, -8293, -8582, -8859, -9125, -9378, -9616, -9840, -10048, -10238, -10412, -10569, -10706, -10826, -10927, -11006, -11006, -11067, -11108, -11129, -11130, -11111, -11072, -11013, -10934, -10836, -10719, -10584, -10429, -10258, -10070, -9865, -9645, -9410, -9161, -9161, -8899, -8625, -8340, -8044, -7739, -7426, -7106, -6780, -6449, -6114, -5776, -5436, -5096, -4757, -4420, -4085, -3754, -3430, -3430, -3111, -2799, -2495, -2201, -1917, -1644, -1383, -1135, -901, -681, -476, -287, -114, 42, 180, 301, 404, 486, 486, 551, 597, 624, 632, 621, 590, 541, 473, 385, 280, 157, 16, -142, -316, -506, -712, -933, -1168, -1168, -1389, -1595, -1786, -1961, -2119, -2260, -2384, -2490, -2578, -2648, -2700, -2700, -2733, -2747, -2742, -2719, -2677, -2617, -2538, -2441, -2327, -2195, -2046, -1881, -1700, -1504, -1293, -1068, -829, -577, -313, -38, 247, 542, 846, 846, 1158, 1476, 1800, 2129, 2462, 2799, 3138, 3478, -13069, -13336, -13336, -13625, -13892, -14147, -14448, -14448, -14703, -14946, -15176, -15392, -15392, -15594, -15781, -15953, -16109, -16249, -16372, -16478, -16567, -16639, -16693, -16728, -16746, -16746, -16728, -16693, -16640, -16568, -16480, -16375, -16254, -16120, -15970, -15970, -15805, -15628, -15438, -15261, -15100, -14953, -14825, -14712, -14615, -14533, -14533, -14469, -14419, -14384, -14364, -14359, -14369, -14392, -14428, -14477, -14536, -14609, -14700, -14806, -14929, -15070, -15232, -15411, -15607, -15823, -16055, -16301, -16557, -16557, -16824, -17102, -17389, -17685, -17989, -18300, -18618, -18941, -19269, -19601, -19936, -20274, -20613, -20953, -21293, -21632, -21969, -22303, -22633, -22959];
py = [17999, 17729, 17472, 17229, 17001, 16789, 16594, 16417, 16257, 16112, 15982, 15872, 15782, 15713, 15665, 15638, 15632, 15647, 15647, 15684, 15742, 15820, 15919, 16038, 16177, 16335, 16511, 16705, 16916, 17143, 17386, 17643, 17914, 18197, 18491, 18795, 19108, 19429, 19756, 19756, 20088, 20424, 20763, 21103, 21443, 21781, 22117, 22448, 22774, 23093, 23405, 23707, 23999, 24280, 24548, 24803, 25043, 25268, 25268, 25476, 25667, 25840, 25994, 26129, 26244, 26339, 26414, 26468, 26501, 26513, 26503, 26472, 26420, 26347, 26254, 26181, 26181, 26129, 25893, 25800, 25727, 25727, 25675, 25644, 25634, 25646, 25646, 25679, 25733, 25808, 25903, 26018, 26153, 26307, 26480, 26671, 26879, 27104, 27344, 27599, 27867, 28148, 28440, 28742, 29054, 29373, 29373, 29699, 30030, 30366, 30704, 31044, 31384, 31723, 32059, 32391, 32718, 33039, 33352, 33656, 33950, 34233, 34504, 34761, 35004, 35004, 35231, 35453, 35665, 35874, 36082, 36294, 36503, 36716, 36933, 37150, 37370, 37587, 37809, 37809, 38031, 38253, 38478, 38695, 38912, 39120, 39316, 39499, 39665, 39825, 39962, 40079, 40178, 40259, 40319, 40319, 40358, 40376, 40373, 40349, 40303, 40237, 40150, 40042, 39915, 39768, 39608, 39448, 39448, 39288, 39128, 38968, 38789, 38598, 38391, 38164, 37919, 37919, 37660, 37388, 37104, 36809, 36504, 36190, 35868, 35540, 35207, 34870, 34531, 34191, 33851, 33851, 33513, 33178, 32847, 32522, 32204, 31894, 31593, 31302, 31023, 30757, 30504, 30264, 30030, 29802, 29580, 29580, 29364, 29161, 28976, 28809, 28661, 28532, 28423, 28335, 28267, 28267, 28220, 28187, 28170, 28170, 28187, 28220, 28270, 28336, 28419, 28510, 28621, 28743, 28885, 29046, 29225, 29422, 29636, 29866, 30111, 30370, 30643, 30928, 31224, 31530, 31844, 31844, 32166, 32494, 32827, 33163, 33502, 33843, 34183, 34521, 34856, 35187, 35513, 35832, 36143, 36445, 36737, 37017, 37285, 37540, 37540, 37780, 38005, 38214, 38406, 38581, 38737, 38875, 38994, 39093, 39172, 39231, 39269, 39287, 39284, 39260, 39216, 39152, 39066, 39066, 38962, 38839, 38695, 38534, 38356, 38159, 37947, 37720, 37477, 37221, 36952, 36671, 36379, 36077, 35766, 35448, 35123, 34793, 34793, 34459, 34122, 33782, 33442, 33103, 32765, 32430, 32099, 31774, 31455, 31143, 30840, 30546, 30263, 29991, 29732, 29486, 29254, 29254, 29037, 28836, 28651, 28483, 28332, 28201, 28087, 27992, 27916, 27859, 27822, 27805, 27807, 27828, 27870, 27931, 28011, 28110, 28110, 28227, 28362, 28515, 28685, 28872, 29075, 29293, 29525, 29772, 30031, 30302, 30585, 30878, 31180, 31491, 31809, 32133, 32462, 32462, 32796, 33133, 33472, 33812, 34152, 34491, 34827, 35160, 35489, 35812, 36129, 36438, 36739, 37031, 37313, 37584, 37843, 38089, 38089, 38348, 38618, 38900, 39192, 39493, 39802, 40119, 40442, 40770, 41103, 41439, 41439, 41777, 42117, 42457, 42796, 43133, 43468, 43799, 44125, 44445, 44758, 45064, 45361, 45649, 45926, 46192, 46447, 46689, 46917, 47131, 47331, 47516, 47685, 47838, 47838, 47974, 48093, 48195, 48279, 48345, 48393, 48423, 48440, 46582, 46792, 46792, 46974, 47184, 47408, 47576, 47576, 47800, 48038, 48288, 48550, 48550, 48823, 49107, 49400, 49702, 50012, 50329, 50652, 50980, 51312, 51648, 51986, 52326, 52666, 53006, 53344, 53680, 54013, 54341, 54664, 54978, 55279, 55573, 55573, 55856, 56128, 56390, 56654, 56924, 57202, 57481, 57762, 58046, 58332, 58332, 58618, 58904, 59192, 59481, 59768, 60051, 60327, 60592, 60843, 61083, 61329, 61580, 61836, 62095, 62356, 62618, 62880, 63138, 63393, 63641, 63877, 64100, 64100, 64310, 64506, 64688, 64855, 65007, 65144, 65265, 65370, 65459, 65531, 65586, 65624, 65645, 65649, 65636, 65606, 65559, 65495, 65414, 65317];
px /= 2^14;
py /= 2^14;

pxs = [32768, 32832, 32896, 32959, 33022, 33084, 33146, 33208, 33270, 33332];
pys = [32768, 32771, 32777, 32786, 32798, 32814, 32830, 32846, 32862, 32878];
